logE mean_lnA mean_Stat mean_SystLow mean_SystUp Var_lnA Var_StatLow Var_StatUp Var_SystLow Var_SystUp
18.75 1.41 0.08 0.31 0.35 0.39 0.37 0.38 0.59 0.6
18.85 1.4 0.08 0.32 0.34 0.24 0.36 0.37 0.59 0.57
18.95 1.52 0.1 0.32 0.33 0.06 0.4 0.42 0.56 0.51
19.05 1.59 0.11 0.33 0.32 0.22 0.44 0.46 0.56 0.48
19.15 1.8 0.11 0.34 0.31 0.04 0.41 0.44 0.52 0.42
19.25 1.78 0.15 0.35 0.3 0.67 0.7 0.76 0.56 0.43
19.35 2.05 0.13 0.37 0.3 0.23 0.48 0.52 0.5 0.37
19.44 2.31 0.19 0.38 0.29 0.76 0.65 0.7 0.49 0.35
19.55 2.23 0.18 0.39 0.29 -0.19 0.5 0.55 0.49 0.34
19.73 3 0.21 0.42 0.31 0.25 0.38 0.41 0.38 0.27
