minLgE maxLgE x1 x2 l1 l2 resparam0 resparam2 resparam4
 17.8 17.9 585.8796257043373 881.1094024563303 108.57748581529775 94.97928937641285 25.28045467  0.   1.
17.9 18.0 592.1156570295425 882.9363793208438 133.22243486544298 100.92097005169157 24.12626707  0.   1.   
18.0 18.1 597.1140017846967 884.7456099132006 157.37268820976348 106.83063797328776 23.04778038  0.   1.   
18.1 18.2 600.9786675987112 886.5793078352345 181.58899180020862 112.84645503463666 22.02052213  0.   1.   
18.2 18.3 603.6203205563237 888.4062399652681 205.4537740656025 118.8664679344088 21.06327735  0.   1.   
18.3 18.4 605.0462596576828 890.2264249122875 228.96885535860673 124.89057921030705 20.1756379  0.  1.  
18.4 18.5 605.2602370024482 892.0562868460927 252.34444363272777 130.9733455527197 19.35009365  0.   1.   
18.5 18.6 604.2673107421043 893.8611856102567 275.1400035348448 136.9994184166717 18.60177349  0.   1.   
18.6 18.7 602.032110386256 895.6920986828571 297.99778278450896 143.13915789413514 17.90994329  0.   1.   
18.7 18.8 598.5811363765968 897.5107928854123 320.43608875205416 149.26479428234694 17.29015519  0.   1.   
18.8 18.9 594.0273728684684 899.2847270664361 342.06455502935535 155.26560534018716 16.7506917  0.  1.  
18.9 19.0 587.9557135651718 901.1532789560111 364.57009496844597 161.6143253495312 16.25230749  0.   1.   
19.0 19.1 580.9701373457615 902.9283085483107 385.68508300686 167.6718776706969 15.84558701  0.   1.   
19.1 19.2 572.6819434636774 904.7255509118754 406.80073592488293 173.8317675201176 15.50035321  0.   1.   
19.2 19.3 563.3542511349381 906.4891376852014 427.26184857783056 179.90239145229148 15.22703789  0.   1.   
19.3 19.4 552.5954409188447 908.291024218939 447.90085065994026 186.1316755457218 15.01509471  0.   1.   
19.4 19.5 540.4847020334458 910.1077024248459 468.4352097162375 192.4396859236991 14.87064028  0.   1.   
19.5 21.0 515.005778677217 913.4332708558807 505.307162265894 204.05923778097866 14.78750932  0.   1.   