Bin minLgE maxLgE x1 ex1 x2 ex2 l1 el1 l2 el2
 0 17.8 17.9   5.861e+02   5.692e+00   8.813e+02   7.850e+00   1.085e+02   1.680e+01   9.483e+01   6.850e+00
 1 17.9 18.0   5.923e+02   8.528e+00   8.831e+02   7.949e+00   1.334e+02   1.739e+01   1.009e+02   6.949e+00
 2 18.0 18.1   5.973e+02   1.139e+01   8.849e+02   8.048e+00   1.578e+02   1.876e+01   1.069e+02   7.048e+00
 3 18.1 18.2   6.011e+02   1.432e+01   8.867e+02   8.147e+00   1.820e+02   2.093e+01   1.130e+02   7.147e+00
 4 18.2 18.3   6.037e+02   1.729e+01   8.885e+02   8.247e+00   2.060e+02   2.391e+01   1.191e+02   7.247e+00
 5 18.3 18.4   6.051e+02   2.033e+01   8.903e+02   8.348e+00   2.299e+02   2.770e+01   1.252e+02   7.348e+00
 6 18.4 18.5   6.053e+02   2.338e+01   8.921e+02   8.447e+00   2.532e+02   3.227e+01   1.313e+02   7.447e+00
 7 18.5 18.6   6.043e+02   2.644e+01   8.939e+02   8.546e+00   2.759e+02   3.758e+01   1.374e+02   7.546e+00
 8 18.6 18.7   6.020e+02   2.959e+01   8.958e+02   8.647e+00   2.987e+02   4.378e+01   1.435e+02   7.647e+00
 9 18.7 18.8   5.985e+02   3.281e+01   8.976e+02   8.748e+00   3.213e+02   5.084e+01   1.497e+02   7.748e+00
10 18.8 18.9   5.939e+02   3.599e+01   8.994e+02   8.847e+00   3.431e+02   5.853e+01   1.557e+02   7.847e+00
11 18.9 19.0   5.879e+02   3.934e+01   9.013e+02   8.949e+00   3.654e+02   6.735e+01   1.620e+02   7.949e+00
12 19.0 19.1   5.808e+02   4.260e+01   9.031e+02   9.048e+00   3.865e+02   7.663e+01   1.680e+02   8.048e+00
13 19.1 19.2   5.726e+02   4.591e+01   9.049e+02   9.147e+00   4.073e+02   8.672e+01   1.741e+02   8.147e+00
14 19.2 19.3   5.629e+02   4.933e+01   9.067e+02   9.249e+00   4.282e+02   9.784e+01   1.803e+02   8.249e+00
15 19.3 19.4   5.524e+02   5.268e+01   9.085e+02   9.347e+00   4.481e+02   1.094e+02   1.863e+02   8.347e+00
16 19.4 19.5   5.412e+02   5.592e+01   9.102e+02   9.441e+00   4.669e+02   1.212e+02   1.920e+02   8.441e+00
17 19.5 19.6   5.268e+02   5.977e+01   9.122e+02   9.550e+00   4.886e+02   1.359e+02   1.987e+02   8.550e+00
18 19.6 21.0   4.999e+02   6.619e+01   9.155e+02   9.731e+00   5.232e+02   1.621e+02   2.098e+02   8.731e+00
