Bin minLgE maxLgE resparam0 resparam1 resparam2 resparam3 resparam4
 0 17.8 17.9   1.754e+01   7.471e-01   3.373e+01   1.437e+00   6.168e-01
 1 17.9 18.0   1.667e+01   7.135e-01   3.286e+01   1.406e+00   6.255e-01
 2 18.0 18.1   1.587e+01   6.945e-01   3.195e+01   1.398e+00   6.342e-01
 3 18.1 18.2   1.512e+01   6.890e-01   3.101e+01   1.413e+00   6.430e-01
 4 18.2 18.3   1.444e+01   6.961e-01   3.004e+01   1.448e+00   6.518e-01
 5 18.3 18.4   1.381e+01   7.143e-01   2.905e+01   1.502e+00   6.606e-01
 6 18.4 18.5   1.326e+01   7.413e-01   2.809e+01   1.570e+00   6.694e-01
 7 18.5 18.6   1.278e+01   7.743e-01   2.715e+01   1.646e+00   6.781e-01
 8 18.6 18.7   1.235e+01   8.112e-01   2.625e+01   1.725e+00   6.869e-01
 9 18.7 18.8   1.198e+01   8.486e-01   2.541e+01   1.799e+00   6.958e-01
10 18.8 18.9   1.169e+01   8.818e-01   2.468e+01   1.862e+00   7.045e-01
11 18.9 19.0   1.145e+01   9.103e-01   2.405e+01   1.911e+00   7.135e-01
12 19.0 19.1   1.128e+01   9.302e-01   2.357e+01   1.943e+00   7.222e-01
13 19.1 19.2   1.117e+01   9.428e-01   2.325e+01   1.962e+00   7.310e-01
14 19.2 19.3   1.110e+01   9.499e-01   2.308e+01   1.975e+00   7.399e-01
15 19.3 19.4   1.108e+01   9.539e-01   2.307e+01   1.986e+00   7.485e-01
16 19.4 19.5   1.109e+01   9.577e-01   2.319e+01   2.003e+00   7.568e-01
17 19.5 19.6   1.112e+01   9.647e-01   2.345e+01   2.034e+00   7.664e-01
18 19.6 21.0   1.122e+01   9.852e-01   2.410e+01   2.117e+00   7.823e-01
