meanlgE proton_eposlhc proton_eposlhc_staterr_dn proton_eposlhc_staterr_up proton_eposlhc_syserr_dn proton_eposlhc_syserr_up helium_eposlhc helium_eposlhc_staterr_dn helium_eposlhc_staterr_up helium_eposlhc_syserr_dn helium_eposlhc_syserr_up nitrogen_eposlhc nitrogen_eposlhc_staterr_dn nitrogen_eposlhc_staterr_up nitrogen_eposlhc_syserr_dn nitrogen_eposlhc_syserr_up iron_eposlhc iron_eposlhc_staterr_dn iron_eposlhc_staterr_up iron_eposlhc_syserr_dn iron_eposlhc_syserr_up proton_sib23 proton_sib23_staterr_dn proton_sib23_staterr_up proton_sib23_syserr_dn proton_sib23_syserr_up helium_sib23 helium_sib23_staterr_dn helium_sib23_staterr_up helium_sib23_syserr_dn helium_sib23_syserr_up nitrogen_sib23 nitrogen_sib23_staterr_dn nitrogen_sib23_staterr_up nitrogen_sib23_syserr_dn nitrogen_sib23_syserr_up iron_sib23 iron_sib23_staterr_dn iron_sib23_staterr_up iron_sib23_syserr_dn iron_sib23_syserr_up


17.85 0.518494 0.022782 0.025898 0.107074 0.086276 0.141817 0.04227 0.038959 0.011767 0.026443 0.264911 0.02441 0.024115 0.068071 0.024789 0.074778 0.006874 0.006883 0.041688 0.095372 0.309727 0.022728 0.022002 0.054647 0.034433 0.362947 0.04404 0.041846 0.107107 0.131113 0.291036 0.031465 0.029191 0.144266 0.083404 0.03629 0.008073 0.008615 0.02128 0.08124
17.949 0.597326 0.025003 0.018431 0.109266 0.067994 0.04594 0.032233 0.038436 0.01612 0.06395 0.300608 0.027031 0.017728 0.103998 0.034552 0.056126 0.005909 0.007831 0.028146 0.089944 0.386644 0.026403 0.0236 0.036174 0.017416 0.26664 0.044867 0.047221 0.15513 0.17036 0.325399 0.031379 0.028891 0.180719 0.127901 0.021317 0.007163 0.007949 0.007107 0.063283
18.048 0.629252 0.026436 0.025116 0.122312 0.095698 0.063633 0.040697 0.042343 0.009993 0.018507 0.246147 0.027504 0.022689 0.065257 0.028223 0.060968 0.006783 0.008512 0.034228 0.087572 0.430915 0.030525 0.023661 0.072035 0.043335 0.224397 0.038572 0.057295 0.077037 0.114543 0.334446 0.037068 0.023728 0.147636 0.078974 0.010243 0.00755 0.007692 0.010243 0.071857
18.147 0.672021 0.029246 0.03112 0.115071 0.090939 0.074373 0.047705 0.049789 0.036843 0.038867 0.216319 0.031233 0.02524 0.107469 0.081301 0.037287 0.006628 0.008436 0.017267 0.062493 0.423061 0.033169 0.028963 0.052631 0.054849 0.334732 0.04827 0.059986 0.148602 0.104088 0.231021 0.039485 0.026886 0.153011 0.159509 0.011185 0.007102 0.008299 0.004355 0.040774
18.248 0.664341 0.035002 0.038819 0.124531 0.099699 0.113293 0.060008 0.061699 0.017023 0.015077 0.190863 0.038618 0.030293 0.098513 0.072077 0.031502 0.007451 0.00957 0.016032 0.059058 0.42697 0.039436 0.026326 0.05733 0.05771 0.365035 0.041472 0.07272 0.145435 0.099375 0.199671 0.04788 0.022268 0.156351 0.168869 0.008325 0.006133 0.008938 0.003005 0.033405
18.347 0.593559 0.046634 0.038747 0.110059 0.113071 0.275627 0.0616 0.079722 0.050407 0.025213 0.094399 0.048964 0.032205 0.094399 0.117881 0.036415 0.00813 0.010872 0.010895 0.041305 0.361125 0.045654 0.030882 0.057455 0.105565 0.525376 0.046407 0.0864 0.146986 0.055764 0.093179 0.059396 0.026094 0.093179 0.180371 0.020319 0.008082 0.012591 0.007939 0.024071
18.447 0.682849 0.06012 0.037463 0.116849 0.092381 0.120521 0.048718 0.10446 0.046421 0.046619 0.19566 0.062104 0.012152 0.13358 0.10815 0.000971 0.000971 0.009736 0.000971 0.039119 0.387356 0.053072 0.029586 0.029386 0.076384 0.473993 0.033553 0.101131 0.218213 0.078007 0.138566 0.061269 0.010418 0.138566 0.240964 8.5E-05 8.4E-05 0.007844 8.5E-05 0.005955
18.547 0.486405 0.061225 0.04667 0.077245 0.074415 0.34716 0.065239 0.112082 0.10611 0.0787 0.155244 0.069002 0.03055 0.149304 0.139776 0.01119 0.007892 0.012724 0.00647 0.0386 0.234647 0.060848 0.03041 0.008547 0.053783 0.60804 0.034531 0.119945 0.23625 0.11226 0.157256 0.082969 0.005417 0.157256 0.232624 5.7E-05 5.7E-05 0.012799 5.7E-05 0.010893
18.648 0.49241 0.061376 0.055151 0.01804 0.04069 0.279542 0.083846 0.10967 0.230402 0.174218 0.213794 0.065987 0.041206 0.209734 0.230086 0.014254 0.007295 0.010381 0.001814 0.018016 0.256076 0.053852 0.040728 0.004816 0.041134 0.549616 0.066353 0.107975 0.331166 0.175224 0.181882 0.075971 0.033739 0.181882 0.299298 0.012425 0.006609 0.011232 0.000455 0.004995
18.747 0.205342 0.069811 0.043909 0.001672 0.098318 0.65391 0.058737 0.14205 0.30002 0.12778 0.140687 0.096551 0.02031 0.140687 0.286143 6.1E-05 6.1E-05 0.008617 6.1E-05 0 0.045407 0.043064 0.02325 0.009277 0.038853 0.787706 0.05552 0.089465 0.354186 0.173434 0.166857 0.073848 0.029809 0.166857 0.317283 3.1E-05 3E-05 0.006946 3.1E-05 0
18.847 0.147843 0.064157 0.053804 0.011033 0.109407 0.747096 0.060166 0.122044 0.239956 0.087654 0.089363 0.053862 0.090637 0.089363 0.229197 0.015698 0.010287 0.014158 0.014888 0.016962 0.001432 0.00143 0.044182 0.001432 0.032078 0.827624 0.092517 0.05098 0.326904 0.165386 0.162947 0.078594 0.048276 0.162947 0.292883 0.007997 0.007996 0.01426 0.005797 0.005813
18.95 0.084746 0.055532 0.034557 0.007876 0.097904 0.826542 0.020376 0.123103 0.303092 0.088598 0.088711 0.070226 0.0911289 0.088711 0.294719 1E-06 1E-06 0.009347 1E-06 1.9E-05 0.024729 0.021835 0.026476 0.003859 0.015551 0.758796 0.064062 0.090514 0.323696 0.215174 0.21645 0.100446 0.034271 0.21645 0.30967 2.4E-05 2.4E-05 0.009168 2.4E-05 5.6E-05
19.047 0.141653 0.081063 0.054642 0.013483 0.040667 0.620131 0.085075 0.171843 0.315091 0.242459 0.238192 0.124139 0.036186 0.238192 0.280478 2.5E-05 2.5E-05 0.011256 2.5E-05 0.000195 0.009051 0.009049 0.049496 0.009051 0.062729 0.684987 0.117423 0.062923 0.378507 0.315013 0.30595 0.081779 0.065597 0.30595 0.31612 1.2E-05 1.2E-05 0.01015 1.2E-05 3.8E-05
19.147 0.000771 0.00077 0.041087 0.000771 0.006909 0.718591 0.1035 0.08118 0.275191 0.281409 0.280604 0.112396 0.053799 0.280604 0.275996 3.4E-05 3.4E-05 0.013091 3.4E-05 7.6E-05 0.000538 0.000535 0.026871 0.000538 0.006962 0.528175 0.088903 0.091064 0.288335 0.380675 0.47128 0.115836 0.057239 0.38013 0.28888 8E-06 8E-06 0.011944 8E-06 2.2E-05
19.248 0.192707 0.109432 0.083946 0.062157 0.050263 0.342238 0.150913 0.221377 0.342238 0.419502 0.465054 0.17146 0.070895 0.370834 0.302396 2E-06 1E-06 0.021265 2E-06 4.8E-05 0.093799 0.082108 0.05744 0.085809 0.066431 0.312643 0.151634 0.184947 0.312643 0.500467 0.593498 0.172071 0.073869 0.415488 0.268402 6E-05 6E-05 0.021306 6E-05 2E-05
19.346 0.032028 0.032023 0.088082 0.032028 0.033272 0.466045 0.206811 0.098729 0.279735 0.420325 0.501858 0.131056 0.101332 0.388288 0.246532 6.9E-05 6.9E-05 0.022195 6.9E-05 0 0.002876 0.002876 0.071453 0.002876 0.039834 0.295538 0.179885 0.077212 0.282888 0.377212 0.701582 0.128236 0.090611 0.374332 0.243058 4E-06 3E-06 0.023248 4E-06 3.6E-05
19.444 0.099632 0.098261 0.080246 0.071052 0.026958 0.289439 0.207692 0.153938 0.043759 0.153171 0.511385 0.21663 0.107023 0.137885 0.017965 0.099544 0.054154 0.084571 0.099544 0.142866 0.060788 0.06073 0.046882 0.057758 0.014022 0.118967 0.118945 0.12084 0.038357 0.248163 0.753613 0.259618 0.035859 0.178983 0.022157 0.066631 0.04347 0.097886 0.066631 0.160299
19.549 0.060522 0.060511 0.10756 0.060522 0.071968 0.262014 0.261935 0.097086 0.261984 0.588116 0.677328 0.266943 0.060153 0.527458 0.206772 0.000136 0.000136 0.051639 0.000136 0 0.009242 0.00922 0.101298 0.009242 0.033688 0.15261 0.152589 0.095294 0.1526 0.44762 0.838084 0.279603 0.009313 0.440224 0.132876 6.4E-05 6.3E-05 0.055875 6.4E-05 0
19.711 0.000248 0.000239 0.092724 0.000248 0.004322 0.100668 0.100662 0.101777 0.066818 0.216522 0.801925 0.328192 0.004147 0.121835 0.057615 0.097158 0.057501 0.129205 0.097158 0.159292 6.7E-05 6.6E-05 0.060165 6.7E-05 0 0.000535 0.000532 0.127089 0.000535 0.036435 0.856437 0.289974 0.143563 0.225947 0.143563 0.142961 0.067157 0.16531 0.142961 0.220009

